v = 6.294117647058823
p1 = 0.5882352941176471
p2 = 0.0
p3 = 0.4117647058823529
q1 = 0.0
q2 = 0.47058823529411764
q3 = 0.5294117647058824
